VERSN,6,CFAST Simulation
!!
!!Scenario Configuration Keywords
!!
TIMES,600,-50,0,10,1
EAMB,293.15,101300,0
TAMB,293.15,101300,0,50
CJET,WALLS
WIND,0,10,0.16
!!
!!Material Properties
!!
MATL,FIBERBRD,0.041,2090,229,0.016,0.9,Fiber Insulating Board
MATL,GYPSUM,0.16,900,790,0.016,0.9,Gypsum Board (5/8 in)
MATL,METHANE,0.07,1090,930,0.0127,0.04,"Methane, a transparent gas (CH4)"
!!
!!Compartment keywords
!!
COMPA,Compartment 1,5.82,4.78,2.44,0,0,0,GYPSUM,OFF,GYPSUM
!!
!!Vent keywords
!!
HVENT,1,2,1,0.9,1.8,0,1,0,0,1,1
!!Fire keywords
!!fire
FIRE,1,1.8,1.2,0,1,1,0,0,0,1,fire
CHEMI,6,10,5,0,0,0.37,50000000,METHANE
TIME,0,99,100,199,200,399,400,600
HRR,0000,0000,100000,100000,200000,200000,300000,300000
SOOT,0.015,0.015,0.015,0.015,0.015,0.015,0.015,0.015,0.015,0.015,0.015,0.015,0.015,0.015,0.015,0.015,0.015,0.015,0.015,0.015
CO,0.006171682,0.006171682,0.006171682,0.006171682,0.006171682,0.006171682,0.006171682,0.006171682,0.006171682,0.006171682,0.006171682,0.006171682,0.006171682,0.006171682,0.006171682,0.006171682,0.006171682,0.006171682,0.006171682,0.006171682
TRACE,0,0,0,0,0,0,0,0,0,0,0,0,0,0,0,0,0,0,0,0
AREA,0.5,0.5,0.5,0.5,0.5,0.5,0.5,0.5,0.5,0.5,0.5,0.5,0.5,0.5,0.5,0.5,0.5,0.5,0.5,0.5
HEIGH,0,0,0,0,0,0,0,0,0,0,0,0,0,0,0,0,0,0,0,0
